0000000001
0000000002
0000000003
0000000004
0000000005
0000000006
0000000007
0000000008
0000000009
0000000010
0000000011
0000000012
0000000013
0000000014
0000000015
0000000016
0000000017
0000000018
0000000019
0000000020
0000000021
0000000022
0000000023
0000000024
0000000025
0000000026
0000000027
0000000028
0000000029
0000000030
0000000031
0000000032
0000000033
0000000034
0000000035
0000000036
0000000037
0000000038
0000000039
0000000040
0000000041
0000000042
0000000043
0000000044
0000000045
0000000046
0000000047
0000000048
0000000049
0000000050
0000000051
0000000052
0000000053
0000000054
0000000055
0000000056
0000000057
0000000058
0000000059
0000000060
0000000061
0000000062
0000000063
0000000064
0000000065
0000000066
0000000067
0000000068
0000000069
0000000070
0000000071
0000000072
0000000073
0000000074
0000000075
0000000076
0000000077
0000000078
0000000079
0000000080
0000000081
0000000082
0000000083
0000000084
0000000085
0000000086
0000000087
0000000088
0000000089
0000000090
0000000091
0000000092
0000000093
0000000094
0000000095
0000000096
0000000097
0000000098
0000000099
0000000100
0000000101
0000000102
0000000103
0000000104
0000000105
0000000106
0000000107
0000000108
0000000109
0000000110
0000000111
0000000112
0000000113
0000000114
0000000115
0000000116
0000000117
0000000118
0000000119
0000000120
0000000121
0000000122
0000000123
0000000124
0000000125
0000000126
0000000127
0000000128
0000000129
0000000130
0000000131
0000000132
0000000133
0000000134
0000000135
0000000136
0000000137
0000000138
0000000139
0000000140
0000000141
0000000142
0000000143
0000000144
0000000145
0000000146
0000000147
0000000148
0000000149
0000000150
0000000151
0000000152
0000000153
0000000154
0000000155
0000000156
0000000157
0000000158
0000000159
0000000160
0000000161
0000000162
0000000163
0000000164
0000000165
0000000166
0000000167
0000000168
0000000169
0000000170
0000000171
0000000172
0000000173
0000000174
0000000175
0000000176
0000000177
0000000178
0000000179
0000000180
0000000181
0000000182
0000000183
0000000184
0000000185
0000000186
0000000187
0000000188
0000000189
0000000190
0000000191
0000000192
0000000193
0000000194
0000000195
0000000196
0000000197
0000000198
0000000199
0000000200
0000000201
0000000202
0000000203
0000000204
0000000205
0000000206
0000000207
0000000208
0000000209
0000000210
0000000211
0000000212
0000000213
0000000214
0000000215
0000000216
0000000217
0000000218
0000000219
0000000220
0000000221
0000000222
0000000223
0000000224
0000000225
